              precision    recall  f1-score   support

           A       0.88      1.00      0.94       331
           B       0.99      0.95      0.97       432
           C       0.87      0.93      0.90       310
           D       0.84      0.85      0.85       245
           E       0.89      1.00      0.94       498
           F       0.70      0.88      0.78       247
           G       0.91      0.77      0.84       348
           H       0.84      0.93      0.88       436
           I       0.78      0.75      0.77       288
           K       0.76      0.61      0.68       331
           L       0.73      0.89      0.81       209
           M       0.87      0.75      0.81       394
           N       0.71      0.54      0.61       291
           O       0.88      0.69      0.77       246
           P       0.94      0.89      0.91       347
           Q       0.71      0.95      0.81       164
           R       0.49      0.72      0.58       144
           S       0.58      0.48      0.52       246
           T       0.60      0.59      0.59       248
           U       0.72      0.55      0.63       266
           V       0.71      0.71      0.71       346
           W       0.80      0.85      0.83       206
           X       0.73      0.94      0.82       267
           Y       0.73      0.63      0.68       332

    accuracy                           0.80      7172
   macro avg       0.78      0.79      0.78      7172
weighted avg       0.80      0.80      0.79      7172
